%YAML:1.0
---
image_width: 752
image_height: 480
camera_name: rightCamera
camera_matrix: !!opencv-matrix
   rows: 3
   cols: 3
   dt: d
   data: [ 7.1666666666666663e+02, 0., 376., 0., 4.5744680851063828e+02,
       240., 0., 0., 1. ]
distortion_model: plumb_bob
distortion_coefficients: !!opencv-matrix
   rows: 5
   cols: 1
   dt: i
   data: [ 0, 0, 0, 0, 0 ]
rectification_matrix: !!opencv-matrix
   rows: 3
   cols: 3
   dt: i
   data: [ 1, 0, 0, 0, 1, 0, 0, 0, 1 ]
projection_matrix: !!opencv-matrix
   rows: 3
   cols: 4
   dt: d
   data: [ 7.1666666666666663e+02, 0., 376., -5.9999999999999998e-02, 0.,
       4.5744680851063828e+02, 240., 0., 0., 0., 1., 0. ]
rms_error: ""
